
t1=1000;

nrep=2()